7065322982217960737
7097105031496879399
7150583695798193444
7159381803185278246
7169158891790421252
7179182561174801697
7193997057328286976
7206654394878708992
7211121131162488067
7218902423870459175
7231121807334493497
7235215571716033826
7236744093735374114
7242260893508062496
7247004285928574268
7254044206715489597
7257137221768105275
7274548569862835456
7280181465319476492
7289748058131139852
7298681907045338420
7303145862606245131
7320608985529290019
7329347179246718249
7341964926325411083
7344363090160454938
7353213505480199451
7353568659048123699
7365012128048106786
7373223964946042112
7373541704361643316
7383150106196937994
7392971388807662902
7396703037055716642
7398552272940043532
7410750386778213683
7417815655828770082
7430834273189449011
7431458868334529849
7431562232485481766
7432624698866896187
7434534072162028837
7435241007903526153
7439722538240036131
7448095059167268131
7454633348888038719
7462909882908429622
7463338356651330850
7464433476092087587
7469637900464950554
7471612961413483833
7487227260932607269
7496779091765955892
7497518943251762451
7498196451877948729
7498322306378681612
7499067050753821967
7502007434615262521
7502354562746174729
7502774537784724788
7504090459233815845
7505610744479878458
7506875867789856010
7511312526942440742
7511738145026510118
7512617608019135804
7519430842512084284
7519446491225869602
7519806935975595322
7522692272413576499
7523176980034342196
7525856538713263401
7527326448265432372
7531399713985006906
7532121023370792249
7533598722261814528
7533914377730526523
7536501308092075323
7536517714962517291
7537226707108973864
7538736428659592474
7541009354959572283
7541796824107175219
7549577056389598523
7549774968570694971
7550670433809632552
7550945024319474998
7552528419013561634
7553482397720972598
7553499946184887610
7554712046316965172
7555073240600579328
7559225319396412730
7563231953076466662
7563636251514506553
7564253763591785787
7564291960178412857
7564379982907837733
7570589741700103912
7570970480087587557
7573216158633138169
7574130213506105268
7574396970085792378
7577950990625131962
7577983625200371163
7578047146897863589
7581691480595811634
7582929378759298353
7582936229572136249
7583722828798020915
7584315335785188648
7585175163408256305
7586383788750458171
7587632063168875825
7592228236546475429
7592415333760702306
7592430009228615603
7592554690056871851
7592852601197097969
7592868385038313122
7594658621747120361
7594792576247894217
7595885469666773647
7595892431221768128
7596190279247304699
7597783554593374390
7598514327612277169
7599160060951065317
7599232183505971867
7599274393710455679
7604429408033022153
7604453238045614435
7604810220775115210
7606333514015844721
7606634507164321935
7608075582639841514
7608452580956887675
7609264285604518138
7609455857722701755
7610785939628454824
7611896710763783673
7612358580990304419
7613224989345671114
7613574661993039274
7613663872154773183
7615200504172298363
7615227587305379705
7615601417785841390
7615887669398403057
7616307313591114139
7618057798690457083
7618139574229636307
7618497110685645499
7618570873385133435
7618600886177130623
7618900549585494969
7619189726617151963
7619232275150308218
7619324445522691060
7619586581481122225
7619655964182375867
7619919355464019365
7619925448454132657
7619947787157127269
7620014803873145683
7620066683686795081
7620366136399396017
7620380783303721201
7620410240874669690
7621095922423958826
7621118045678973541
7621212535001470065
7621267478530938854
7621398818903644123
7621478520871750117
7621521287169007010
7621758568094290274
7621844411106906100
7621933320410433445
7622117168617406627
7622636577639232170
7622880538177179569
7623030666070559732
7623190047274394810
7623296019693880164
7623313272243043749
7623361880434564339
7623639455471622479
7623687085203484623
7623761386527357673
7623996728647724212
7624028297479857381
7624763373998214602
7624934142351294090
7625590626059364788
7625895741596840911
7626033368354467419
7626332630569987444
7626348522899586971
7626630752918291321
7626963226148405617
7627158036704160633
7627915347652331761
7627920115426396859
7628099721987202667
7628837538673106929
7629665991693255409
7629730150696311266
7629909644924386467
7629945789049367801
7630107357284068489
7630279828072240881
7630338030477868982
7630501967044146033
7630668344211840744
7630693332801446331
7631004919940929782
7631051722672591801
7631267403667054961
7631462060613826726
7631522637365668261
7631539842179224165
7631793696908151909
7631861354986999994
7631940483708144762
7632184169116225893
7632559530454790267
7633015477585897957
7633393384862530790
7633419730087578458
7633435016319915603
7633557025180054885
7633725684096021669
7633845848355313765
7634027856150542053
7634045645745108456
7634102422738964614
7634157583364251557
7634167830048995513
7634182519076628378
7634382478337422841
7634408158174280057
7634768977394903785
7634866736520638026
7634884794241505701
7634911427190823922
7634938365586437864
7635093934380813602
7635190187866238826
7635263095048435173
7635550451345801649
7635573010825502373
7635599732216039417
7635707940255518693
7635715148191338161
7635960124334572657
7636341476834064561
7637368135775632753
7637481956292418426
7637555459519601829
7638449207216980212
7638452754089073841
7638523568733427956
7638523839286764005
7638582218096394990
7638635564208821928
7638702161400317930
7638839443080430073
7638852452754347194
7638916870888645349
7638952925796778880
7639040363923440763
7639163131604825536
7639178522045428155
7639188395910040872
7639209494959262179
7639247852368470134
7639771055854641833
7639949376651070758
7640006352953183497
7640042806286959985
7640056570706309979
7640182488728261754
7640332785899732571
7640376109734015945
7640443090330949514
7640531080986070323
7640702957234997681
7640809461850886026
7640909069066805992
7641049463749880442
7641570650994640625
7641611530169491558
7641836605808454842
7641845663224290545
7641953771757143673
7642122445218148474
7642138846607917733
7642204877872360697
7642219937814380425
7642291563729177737
7642549569204866234
7642596459883594993
7642734124054821733
7642903722503309433
7643112316720415339
7643474484704102217
7643740307901500522
7643784907482789561
7643791362109916517
7644079638306232059
7644095017480563129
7644159415340432113
7644191387924607865
7644219676968899718
7644495517204450481
7644516003715881329
7644808259626638507
7644812956900027493
7644872959190960549
7644873545927616677
7644976505793791857
7645146956390325734
7645277230331149028
7645507998996016987
7645957965938210722
7646044861590447482
7646057522949260902
7646293519175340954
7646463001327170411
7646693342450037160
7646764768849686499
7646996033637858118
7647000106244343461
7647068984516665713
7647099246613406961
7647103581074206671
7647178435340716507
7647404213299671145
7647407963828884137
7647433419924083370
7647439567439899482
7647782095884691377
7647934054931781449
7648104460803643249
7648236850654126026
7648239740777839033
7648286545355292514
7649251842333312438
7650392085804190841
7070313109709262111
7127812969127218468
7127983746791394598
7144174629966400804
7166212236476697896
7166900416284871969
7167236272434466051
7168104620592499980
7179139035862994214
7201529589003324727
7216272435090312485
7224507208908672314
7231518041362697506
7232486091209674042
7236644712432684326
7237743595153837370
7238484056101391650
7246674858531179811
7247861075373264183
7254988229437328680
7255573292571020578
7258574906282102075
7276371187289083175
7277397603086617891
7285955246495436047
7288156508662140175
7292643673781685556
7293833482504064283
7307631522348092698
7312619840454282548
7313891835154287935
7320842447557397811
7325054158992608538
7332445830797872420
7335315400667827456
7336721600668044585
7340571582621863222
7343233014224260390
7346941362975149363
7348395731071339791
7353114111250664713
7353569757637004559
7359069989854350632
7367188226311851279
7368476385851051290
7368756258867793192
7372039124926139698
7373167984405220660
7376627595791650088
7380310720535088411
7381302589213674764
7381469891137735971
7386944909363760399
7387061560897703231
7390764833148243211
7391017473526533411
7392522836964855049
7395786188117806348
7397335929008033063
7397748830965419314
7399306267455524137
7401101025249086747
7401415291609058596
7402099840185830668
7403562248720928041
7405948990375660841
7409953903803944243
7417433914760793383
7423185975544712467
7423741693184216332
7425528363512532251
7426979864596516147
7428526807252569356
7432261462241840435
7432305731090664763
7436195833592204570
7436313507819244852
7439216606238035250
7445646132295814438
7446328206434553114
7448415269271113017
7449996695275982138
7452693485611715849
7457473648241216795
7458080944981822730
7459074291888393506
7465727360248122683
7467164618683714867
7470869044875300156
7471179266672135458
7471229618754784562
7472736678155767078
7473377840285682996
7474947654598790427
7474996032535842107
7475581353925414194
7478556497740320039
7484606428745895227
7486826098727095602
7487182024575421755
7489246033604660489
7490126988036967738
7492025594943753498
7492359107526053120
7493375420826537225
7494322654749461798
7494509233963797786
7496712556851547446
7498246652769488137
7498287381587512636
7498735018924363067
7499118273273040138
7499688125444574479
7501138411937008953
7501332417766477113
7502670934952922418
7505377630275833147
7507595794398154043
7509716668479786259
7510128660402228534
7510451046750686473
7510506680968252708
7511371549690776851
7511608137658060084
7511899143095356732
7515430393014029628
7515669295852473659
7515674108094549275
7517193020559789339
7517521179265158441
7517933203937398075
7518570315439492367
7519027462069325066
7520267953716137274
7520591613132213561
7520857223263276348
7521572739266841914
7522091399979912498
7522911353570118970
7525326593011617082
7526564384384322873
7526920718991445275
7527220760835017999
7527566171727416636
7527669990704762162
7528356132440821049
7528725457996516658
7528761934017056027
7529124338478566715
7529454873482939707
7530146834653039932
7530283876364389691
7531316497102179618
7531722766682492218
7532689680120859943
7533082081271778586
7534350885993680188
7534670380692049198
7535634040063266086
7535822974104980763
7536170565536107828
7536187362226244902
7536850335521836315
7536919821235932476
7537897710033505594
7538451720860814649
7538656153941970236
7539901552049442106
7540207436914969875
7540507149543312700
7540761449405828409
7540972765618081066
7541054632999914771
7541743745339936040
7541797425280716089
7541937059456404751
7542357900569185595
7542492848642592060
7544004736107498810
7545034166522645794
7545712770268876090
7546602148307291432
7547743010773044518
7548395945303854378
7550655204623846713
7552768693508623675
7553290453014580543
7553510211110997307
7555437813191560486
7555757076338511142
7556099168155880764
7557260015104101647
7557640458705554745
7557709435947437352
7558011842485964089
7558074891922328890
7559876269812157746
7560291901422554404
7561070370057604411
7561084223492574510
7564736884468261050
7565865688766909722
7566102465747013561
7566324514536672538
7566604902500507130
7568169849069178162
7570570224359335099
7570681377788941541
7575373314635432650
7576279952204239039
7577385497834023525
7577761976949403834
7578862909561982193
7579167654725219685
7581512122166398227
7581733701811440896
7581740747214441785
7582198275606252815
7583537780610452793
7583665624946511141
7584101750828256571
7584473002021096741
7585153679248297265
7585947623937740032
7587803353519066426
7588528686674148258
7588812927928275429
7588882253964633521
7589220133958247823
7591702669477248121
7592181455032450899
7592459637883218619
7594096309495108018
7595550494707177403
7595590955630300122
7595770251595018953
7595867197769230181
7596775807511630074
7598759788034900666
7600008391050583238
7600019690194484879
7601074603608437733
7601100892553423995
7601369683359366335
7602512251802750223
7603385615372440825
7603677105432734585
7603725215928195045
7603802905115837817
7604483196244452337
7605072403983398272
7605810315016719729
7605944288052907378
7606172613589551990
7606273389678718118
7607060331236166537
7609163852517795833
7609875794584924529
7610412319185877105
7611689797560359547
7612591175040023706
7612960571201436785
7613380168543029221
7614157684518282673
7614692039859816442
7616745527409226609
7617130785506443179
7617853281947754954
7618647618524863653
7618907691796362994
7619713955640155378
7619962998128731507
7620043013015953083
7620050715382277339
7620389687575953765
7620391280669990568
7620490292366259814
7620686428871983281
7620723165026622387
7620876732623850586
7620942716310079673
7620981432471728346
7621039387254555569
7621042241762514099
7621094981067130235
7621097344268852901
7622151579144180965
7622237341759475146
7622283264188210810
7622690426899135973
7622702552002498169
7622964666075966574
7623352513144935089
7623385363721298169
7623742718313447034
7624012760020451301
7624088927507543673
7624412939545587199
7625272340493939685
7625329775758361570
7625438896029640165
7625627814129348210
7625857625251265509
7625974340879088255
7625975254829706931
7626315821505599439
7626404065425034505
7626693697505237413
7626720050129761125
7626745313265790031
7627185009027495397
7627689586101142451
7627810596608850340
7627903560529659758
7628559795322293681
7629319288961400308
7629658809518867449
7629665869370988666
7629671138172604864
7629727812459016571
7629908439305658555
7629919480307425243
7630099035064362097
7630440510725442993
7630467269646515942
7630491748913478308
7630633571060956529
7631582570421013489
7632534312567987674
7632875042237598906
7632931531129158330
7633053309335986873
7633068912456517802
7633336987660203505
7633797170030369957
7634504047471200187
7634511064452933093
7635012221642859002
7635136714021828518
7635688896332938609
7635710263601696677
7636002730654126181
7636106230088908518
7636613075689757300
7636692333074019173
7636755307004340645
7636769918059229617
7636890013024083891
7637055864080245467
7637093640322165115
7637921449475029170
7638118682673578929
7638981831560621541
7639172283521012325
7639213936328171362
7640010191367014138
7640046493794431049
7640162332627094758
7640466313794362984
7640775205980668069
7640846323227261285
7641050684447900027
7641063345261868962
7641169728375183482
7641181226146286053
7641622746711542181
7642265370795815538
7643116961635661702
7643650707649023369
7643938004750430459
7644084455480856168
7644147086728758513
7644387118185790577
7644447551467774702
7644523299062420587
7644620492934968283
7644840851730936549
7644858446965148962
7644866166670985946
7645106998459023720
7645620179241667890
7645805317170837099
7645839418029104502
7646253682111927290
7646631926774914661
7646812882440847220
7646830411884487882
7646834142398703013
7647090802578011034
7647127245044458153
7647133040674718949
7647144073309099178
7647684877068938890
7648704597112621562
7649264017689641893
7649301488603776697
7650688411916923365
7650931181530591355
7651102309875944805
7651130451347693979
7651267863000512486
7651278958080060522
7651454083454508923
7651538042510931874
7651546330377209329
7651548135940747699
7651634985150415225
7113416635381222687
7177663793193831718
7177747582519741700
7217415860913294650
7223089386580102403
7230416202282175779
7238536365514706213
7244086112157781282
7245961312218385679
7248506403956985147
7263691608447569167
7285992822916877609
7292754927552613684
7299755647057300788
7301626596123872512
7307843383458909452
7314978953909767461
7319397708912020786
7320537317972757775
7328252730240240934
7333623872132058377
7337591653366025510
7344259281786506537
7349439386250906899
7352857535763746084
7368482648458628404
7374006566846041398
7382145537132252435
7382972519130680591
7384028566322744628
7384478793932524827
7392900869622091046
7396000468306103552
7397499023730478388
7398839395127659810
7408049062693375272
7411085380176317733
7412213389025463603
7413399229537766690
7418908150155300108
7419231477314931979
7420350763051830567
7425531827093245221
7432629987951250726
7436705379582496009
7445207053733301544
7446356904957218083
7452352272715074875
7452592682444033340
7453791322953059641
7457489150845930812
7459665319225838859
7460835411116543269
7464658048611552550
7466640293744413993
7473380856829119785
7478140026954534144
7478176013378276643
7478531011576450345
7481307961168530745
7489833655867591994
7490566842545753370
7495562383639072027
7495639717137419577
7496512088756899098
7498331160704929061
7498356280101473594
7503885723915308303
7506767849203256610
7508942587803405625
7509352529684548924
7510236097298124089
7512812267658857785
7513200653918784828
7513890823143165225
7516066258534812991
7516141106103569705
7516487250964696378
7519194973105147196
7520162435350056207
7520871097195269435
7521315838047210809
7522144869935287610
7522287806439607587
7522817985452838194
7524577314333297977
7524898172247756066
7525718251390897458
7526492448156503354
7527518609326411023
7528735101795994914
7530659964041039163
7530953162065546555
7532698880597986600
7532897188397993273
7534985779823856954
7537625041597598991
7537627058634165562
7537663618210532666
7537957050614156601
7539933777075342592
7541330825615396147
7542090688138644795
7542166261364968761
7542812908422843707
7543907945748254012
7544534204038843707
7546216792445766972
7547235901278915883
7548407937015221539
7550620336582184250
7552738738414177595
7552767100214611257
7553171580957183286
7555834788881042745
7556985375286267136
7558139796922682683
7558843891903319355
7559857831999966522
7560039863724182844
7562891613057584441
7563660819416141114
7563898208897518905
7563953362136337673
7565870154883119976
7566254503760235833
7567206282261151909
7570921723529715443
7573061440282776998
7575191238605954639
7576975282704646134
7577411686853688293
7577415779445304549
7577750765865135835
7577945745246228148
7578887802152249471
7579072273585809145
7579597987295667557
7584405285340925221
7584408565353549113
7588126032131451599
7588755397721415153
7591312904877764068
7593652075575092837
7595432889237042661
7595496104151489145
7595507618425336265
7596992185893148069
7599227594274183930
7600423977349738856
7601236343919090353
7602593641915339761
7605529875231159022
7609731469217941233
7611844099687554378
7611886824789730420
7611946676664622713
7613283302648741730
7613327950385164657
7614152249267623845
7614856976648356453
7615898984867397194
7618539494879019121
7618964688604343547
7619284298634600933
7619509674337329642
7621137446760240488
7621588833100738112
7622628724865770850
7623065933330373041
7623342084421979633
7623416617979996027
7624129800542704293
7625170822572021349
7625211060954756794
7626427013796156827
7627819394421634405
7627840001238692465
7627854827759354491
7628641141218966634
7629392956977643942
7629517021349261669
7630088016975564287
7630135636239056561
7630275694995788698
7630314572688047720
7630481006345396339
7633359990452015722
7634210662302757221
7634354501693010405
7635252394570491237
7635283425498975857
7636367274656819812
7636468684614502065
7638126289648485989
7638549156180911707
7638578946636529472
7638910579546253561
7638929887876913142
7639577983337997962
7639677096084839922
7640009373414198554
7640042042638297265
7640087969017464761
7640709838162754139
7640913175982618554
7641800683306787316
7641874441038762722
7642232937283755377
7642883189274998395
7643079648565439835
7643434112028647507
7643546362612656127
7644038325007821681
7644416937678774004
7645167738310999033
7646057425716202235
7646099397813678587
7646661821164903846
7646686552550605385
7646825897384142714
7647027275125506761
7647108220242724005
7647203237788336319
7647391137547889275
7647830785286551034
7648117437826056037
7648947680688852224
7648961362471167099
7651830499425513969

